-23
-32
-58
-66
-68
-30
-47
-61
-37
-37
-32
-63
-70
-24
-24
-24
-38
-87
-97
-114
-128
-117
-119
-95
-79
-68
-66
-95
-69
-56
-65
-63
-77
-75
-99
-99
-82
-115
-135
-144
-149
-149
-165
-163
-147
-147
-130
-142
-151
-101
-102
-135
-145
-146
-153
-192
-201
-189
-179
-165
-177
-157
-184
-222
-180
-195
-216
-218
-236
-242
-235
-213
-218
-181
-163
-196
-167
-185
-235
-215
-222
-270
-231
-203
-264
-269
-268
-281
-248
-224
-215
-210
-232
-282
-262
-205
-222
-250
-271
-266
-238
-261
-276
-279
-310
-281
-249
-304
-338
-311
-306
-347
-359
-346
-321
-332
-381
-371
-381
-404
-411
-448
-446
-428
-430
-400
-363
-394
-414
-406
-456
-479
-471
-503
-523
-481
-464
-463
-456
-492
-476
-493
-547
-513
-498
-502
-500
-517
-521
-538
-540
-509
-491
-487
-487
-527
-552
-519
-544
-555
-545
-580
-549
-541
-527
-483
-495
-474
-456
-460
-486
-480
-451
-512
-488
-460
-497
-465
-483
-464
-470
-480
-380
-429
-429
-370
-407
-353
-364
-390
-345
-384
-399
-381
-399
-414
-416
-374
-348
-352
-348
-342
-310
-260
-238
-251
-233
-214
-208
-210
-242
-228
-224
-236
-223
-218
-202
-189
-168
-156
-130
-110
-142
-135
-99
-76
-87
-70
-30
-75
-85
-74
-85
-69
-72
-36
0
-17
-35
0
42
21
42
77
82
87
59
54
57
67
66
37
65
74
66
119
126
149
186
157
189
195
161
159
157
172
161
167
190
229
205
136
184
193
203
205
130
166
200
185
214
210
202
224
208
199
224
231
215
196
215
244
231
186
208
274
242
227
234
179
193
208
176
177
183
193
183
177
178
159
134
117
97
55
86
101
97
137
121
132
104
95
140
55
35
36
14
43
-44
-63
-9
-45
-56
-51
-61
-50
-41
-76
-89
-87
-116
-127
-147
-152
-138
-145
-169
-180
-197
-246
-262
-265
-251
-260
-308
-302
-303
-322
-331
-348
-350
-363
-365
-350
-371
-389
-389
-406
-420
-443
-498
-506
-518
-559
-508
-492
-511
-466
-477
-490
-506
-512
-497
-561
-547
-525
-533
-519
-553
-532
-532
-537
-532
-541
-504
-531
-545
-525
-550
-550
-527
-512
-515
-509
-500
-517
-497
-468
-458
-444
-462
-433
-411
-438
-409
-431
-484
-450
-391
-367
-399
-410
-371
-382
-388
-380
-375
-298
-298
-321
-308
-280
-198
-244
-236
-136
-180
-232
-263
-252
-220
-232
-233
-215
-167
-118
-70
-66
-100
-86
-62
-59
-117
-159
-125
-85
-81
-140
-126
-89
-69
2
-15
-37
-20
-9
-3
-19
-37
-50
-27
-39
-39
-8
-6
17
-12
-46
-18
-17
-26
-45
-53
-35
-58
-66
-38
-46
-72
-54
-48
-49
13
1
-55
-38
-44
-60
-62
-94
-81
-45
-65
-38
-20
-45
-4
-25
-77
-58
-42
-33
-70
-94
-73
-97
-89
-68
-66
-46
-44
-29
-36
-64
-58
-56
-69
-64
-51
-55
-45
-43
-44
-39
-50
-64
-99
-107
-96
-113
-100
-90
-81
-48
-57
-48
-24
-66
-66
-72
-127
-137
-166
-176
-134
-137
-140
-88
-78
-109
-125
-113
-66
-102
-135
-111
-123
-137
-191
-204
-230
-271
-202
-197
-199
-180
-203
-131
-97
-154
-156
-153
-160
-160
-201
-212
-208
-231
-227
-243
-264
-249
-249
-219
-192
-208
-181
-194
-225
-203
-233
-237
-206
-194
-220
-280
-284
-287
-275
-264
-286
-269
-263
-264
-268
-260
-239
-239
-233
-246
-243
-251
-263
-254
-308
-331
-297
-285
-278
-269
-261
-313
-339
-291
-303
-339
-347
-324
-284
-299
-309
-287
-300
-291
-274
-291
-276
-258
-287
-321
-294
-305
-345
-305
-295
-320
-311
-289
-278
-269
-281
-300
-247
-246
-270
-233
-251
-233
-208
-255
-236
-227
-274
-273
-264
-236
-192
-213
-226
-214
-219
-209
-210
-217
-212
-204
-232
-267
-241
-241
-228
-184
-174
-143
-133
-152
-129
-135
-170
-122
-120
-166
-156
-172
-148
-167
-221
-206
-230
-194
-160
-166
-120
-114
-95
-73
-103
-123
-136
-168
-165
-130
-151
-186
-189
-180
-159
-135
-126
-119
-106
-107
-131
-148
-146
-172
-160
-154
-190
-142
-101
-104
-115
-118
-103
-124
-126
-102
-112
-125
-127
-147
-142
-117
-121
-119
-95
-90
-96
-85
-91
-83
-84
-104
-64
-43
-52
-13
-13
-37
-25
-51
-71
-32
-37
-64
-38
-8
-15
-15
8
27
7
-16
-6
-5
14
-2
-7
63
53
44
49
35
80
81
66
75
63
39
31
55
49
50
52
54
79
41
26
59
78
104
109
96
79
62
63
55
52
45
16
23
-12
-17
48
20
34
75
68
76
72
74
43
26
40
6
-5
-20
-34
4
-12
-24
-19
-25
-3
-7
-11
13
30
-16
-45
-6
-30
-43
-35
-81
-60
-57
-110
-89
-68
-76
-113
-130
-62
-64
-113
-114
-113
-112
-138
-166
-162
-134
-110
-125
-144
-151
-117
-114
-191
-190
-155
-191
-241
-232
-211
-207
-197
-218
-220
-221
-238
-251
-243
-200
-230
-254
-254
-310
-284
-294
-367
-302
-284
-337
-315
-312
-305
-308
-343
-320
-300
-311
-343
-382
-360
-361
-388
-384
-381
-363
-367
-366
-338
-319
-334
-358
-366
-370
-348
-370
-405
-398
-414
-418
-400
-416
-408
-348
-362
-405
-392
-406
-431
-443
-425
-361
-352
-386
-374
-346
-346
-383
-405
-413
-423
-418
-393
-395
-404
-358
-353
-355
-357
-367
-344
-351
-363
-380
-379
-371
-376
-395
-411
-349
-330
-348
-322
-303
-282
-290
-304
-300
-294
-289
-302
-301
-289
-298
-303
-287
-262
-261
-266
-238
-266
-283
-267
-297
-266
-281
-292
-255
-272
-202
-222
-275
-214
-244
-254
-241
-274
-258
-244
-237
-255
-309
-282
-255
-247
-234
-279
-261
-239
-267
-276
-300
-320
-311
-291
-293
-264
-226
-256
-277
-272
-223
-210
-260
-249
-263
-282
-255
-249
-272
-296
-251
-255
-294
-264
-269
-280
-292
-261
-265
-346
-281
-232
-274
-279
-281
-262
-260
-257
-259
-275
-260
-286
-310
-261
-242
-276
-303
-324
-310
-252
-222
-236
-216
-234
-266
-229
-241
-252
-278
-289
-258
-276
-253
-252
-241
-186
-220
-220
-200
-224
-182
-191
-294
-310
-252
-212
-205
-211
-212
-178
-130
-135
-155
-168
-205
-211
-187
-199
-194
-180
-180
-143
-159
-164
-109
-96
-107
-153
-148
-102
-93
-70
-104
-116
-85
-121
-107
-78
-127
-121
-58
-44
-52
-76
-78
6
27
-44
-66
-56
-24
1
-67
-119
-46
13
10
-7
-45
-8
45
53
29
-24
41
107
47
-25
-9
18
-44
7
69
31
60
52
32
14
4
62
38
11
13
23
87
58
16
45
23
-20
34
70
12
34
25
15
72
29
35
39
50
98
43
78
94
34
42
32
44
60
56
68
86
102
106
133
144
140
115
88
96
81
79
63
40
88
169
165
94
105
128
123
107
87
85
50
71
71
76
129
63
59
80
48
58
12
10
21
-12
22
13
-35
-36
-22
-51
-77
-57
-113
-136
-96
-162
-136
-58
-137
-154
-127
-167
-169
-186
-229
-234
-247
-246
-230
-249
-266
-311
-346
-331
-343
-348
-335
-359
-390
-384
-357
-383
-421
-447
-480
-444
-422
-422
-398
-422
-464
-475
-478
-517
-525
-530
-527
-515
-515
-464
-494
-500
-485
-527
-488
-506
-563
-564
-554
-546
-514
-503
-546
-525
-523
-543
-536
-539
-532
-558
-523
-497
-535
-519
-510
-499
-531
-579
-545
-525
-500
-486
-467
-441
-509
-516
-487
-500
-464
-468
-464
-398
-322
-313
-382
-417
-511
-531
-443
-438
-393
-410
-371
-220
-266
-307
-314
-321
-255
-285
-323
-324
-277
-180
-175
-207
-244
-258
-234
-218
-182
-212
-222
-178
-144
-91
-160
-212
-168
-155
-101
-114
-135
-45
-40
-103
-109
-86
-8
24
-3
42
25
-77
-89
37
116
64
56
10
-20
39
-23
9
67
5
41
28
17
78
81
76
93
149
131
103
127
125
113
73
55
29
-8
-3
30
78
167
257
177
124
195
177
134
119
127
116
53
63
26
-32
76
129
129
156
98
72
91
88
81
70
70
82
70
9
-5
15
-21
-63
-79
-58
-21
0
3
10
49
54
15
-6
24
18
-78
-160
-210
-208
-162
-91
-51
-135
-174
-155
-156
-147
-184
-204
-225
-224
-178
-160
-128
-117
-178
-302
-315
-290
-299
-198
-202
-251
-275
-295
-255
-307
-308
-304
-365
-353
-359
-344
-326
-325
-369
-467
-464
-457
-463
-413
-375
-298
-252
-292
-321
-357
-378
-385
-362
-321
-384
-396
-347
-331
-319
-382
-425
-410
-363
-320
-334
-376
-386
-366
-421
-390
-339
-387
-347
-394
-486
-449
-439
-433
-383
-329
-323
-343
-330
-328
-308
-333
-389
-329
-265
-308
-360
-321
-246
-218
-265
-319
-367
-355
-302
-323
-242
-219
-336
-304
-206
-160
-157
-198
-215
-222
-271
-256
-281
-286
-148
-122
-159
-219
-301
-287
-242
-223
-216
-159
-73
-13
-31
-105
-122
-125
-130
-124
-176
-215
-196
-173
-119
-92
-99
-120
-160
-123
-143
-205
-156
-106
-82
-109
-176
-177
-151
-138
-147
-174
-175
-164
-126
-120
-173
-172
-158
-116
-84
-135
-135
-109
-68
-80
-181
-151
-105
-138
-152
-215
-220
-175
-215
-235
-229
-203
-160
-172
-175
-148
-91
-66
-95
-77
-100
-141
-104
-108
-163
-187
-190
-163
-157
-157
-71
-57
-82
-42
-60
-91
-94
-83
-82
-68
-21
-36
-77
-108
-115
-90
-50
-20
-49
-62
13
64
26
17
13
-12
17
38
47
17
-16
56
95
100
116
79
38
21
31
74
119
133
100
67
80
125
140
103
94
96
70
89
147
174
163
142
138
145
114
111
119
42
16
58
101
178
182
148
147
78
50
54
50
83
56
73
80
26
-8
-46
-42
-73
-112
-124
-61
-3
-62
-47
-63
-51
-5
-87
-97
-102
-131
-117
-147
-170
-195
-202
-182
-193
-214
-265
-263
-223
-251
-247
-237
-263
-266
-283
-317
-353
-395
-379
-336
-361
-355
-350
-413
-407
-425
-476
-486
-530
-512
-441
-439
-449
-408
-403
-446
-464
-478
-493
-568
-605
-506
-489
-531
-545
-523
-424
-494
-670
-601
-455
-490
-622
-674
-608
-547
-526
-513
-498
-510
-553
-511
-458
-500
-557
-572
-568
-592
-572
-546
-577
-562
-483
-433
-492
-515
-409
-398
-530
-591
-508
-397
-434
-553
-486
-375
-456
-508
-380
-338
-406
-376
-355
-366
-330
-328
-380
-387
-338
-353
-373
-347
-311
-244
-253
-339
-363
-304
-283
-331
-329
-323
-323
-277
-274
-323
-328
-258
-196
-208
-204
-158
-199
-241
-205
-197
-205
-212
-204
-172
-202
-290
-264
-156
-157
-169
-145
-166
-169
-166
-195
-186
-189
-218
-196
-169
-132
-167
-161
-80
-188
-204
-130
-157
-125
-125
-124
-89
-70
-48
-47
-76
-139
-99
-56
-96
-65
-74
-105
-71
-76
-98
-78
-40
-54
-69
-41
-41
-26
-2
7
7
-20
-10
-1
-43
-55
-26
-2
1
-4
10
23
-36
-67
-38
-16
36
58
52
77
101
66
30
43
50
70
51
27
29
38
84
84
84
94
57
40
62
71
62
79
63
74
139
141
130
83
51
73
35
2
35
52
31
60
79
96
121
95
96
67
47
58
64
26
-39
15
68
115
90
36
116
112
91
80
46
84
68
27
27
30
48
100
72
4
52
82
63
72
81
66
43
82
80
39
63
55
76
84
26
58
35
-11
2
-65
-87
-67
-56
-23
-45
-71
-83
-61
-47
-48
-37
-85
-29
-9
-104
-167
-210
-134
-114
-135
-134
-199
-177
-162
-166
-138
-146
-170
-186
-186
-227
-275
-290
-281
-256
-253
-236
-219
-232
-254
-271
-277
-265
-271
-294
-257
-233
-251
-289
-350
-336
-293
-267
-239
-267
-298
-288
-283
-303
-319
-282
-268
-278
-290
-321
-292
-288
-322
-320
-314
-313
-311
-294
-309
-291
-257
-237
-232
-289
-301
-305
-327
-315
-316
-333
-336
-331
-343
-320
-284
-301
-333
-310
-274
-279
-299
-281
-286
-340
-333
-332
-313
-317
-390
-366
-337
-336
-374
-371
-317
-341
-326
-374
-358
-284
-323
-264
-260
-316
-284
-314
-371
-369
-335
-303
-295
-322
-360
-376
-313
-267
-322
-312
-307
-300
-212
-222
-234
-262
-358
-341
-311
-326
-310
-272
-205
-173
-224
-247
-198
-230
-304
-276
-230
-236
-259
-214
-156
-184
-200
-209
-204
-174
-198
-184
-147
-146
-148
-153
-159
-190
-217
-223
-218
-257
-261
-207
-213
-151
-137
-133
-30
-101
-120
-68
-142
-180
-216
-204
-178
-177
-154
-203
-184
-167
-195
-155
-147
-161
-224
-214
-188
-219
-153
-188
-204
-179
-228
-145
-147
-186
-159
-195
-211
-273
-261
-189
-197
-234
-227
-133
-159
-266
-252
-223
-232
-231
-188
-128
-207
-294
-242
-204
-183
-177
-232
-286
-290
-294
-306
-267
-243
-257
-227
-201
-232
-238
-239
-221
-202
-213
-184
-236
-304
-326
-355
-319
-300
-296
-260
-269
-282
-280
-332
-336
-283
-285
-312
-295
-222
-222
-243
-214
-242
-242
-252
-285
-279
-314
-270
-210
-222
-194
-189
-188
-230
-287
-232
-207
-165
-140
-168
-117
-130
-146
-149
-234
-221
-130
-110
-73
-22
-56
-50
-49
-76
-26
-18
-73
-67
4
-7
-53
14
81
77
92
114
119
122
73
96
119
86
145
137
116
146
162
174
178
217
218
245
253
249
261
167
180
227
180
179
194
237
290
294
281
294
311
311
280
233
206
213
256
211
155
198
236
264
242
200
183
161
191
198
142
144
135
107
149
151
140
141
108
115
128
114
98
64
43
60
81
64
33
34
17
-5
-28
-52
-13
-14
-35
-24
-32
-68
-125
-135
-115
-117
-145
-145
-127
-158
-181
-207
-238
-221
-205
-220
-208
-195
-221
-249
-273
-256
-275
-317
-298
-319
-347
-345
-366
-381
-368
-409
-421
-343
-369
-408
-403
-415
-428
-492
-505
-482
-455
-455
-503
-456
-452
-492
-468
-473
-452
-471
-491
-433
-480
-539
-517
-538
-600
-588
-572
-599
-526
-490
-502
-454
-462
-497
-536
-592
-597
-535
-528
-596
-603
-561
-543
-533
-504
-484
-505
-535
-523
-527
-563
-534
-540
-579
-568
-579
-544
-477
-460
-438
-450
-467
-450
-483
-530
-518
-503
-532
-519
-486
-519
-551
-576
-542
-445
-453
-496
-432
-409
-435
-396
-392
-418
-406
-400
-419
-440
-445
-440
-425
-430
-424
-383
-338
-325
-390
-420
-355
-308
-320
-351
-337
-315
-301
-282
-316
-287
-220
-274
-302
-284
-285
-230
-156
-164
-221
-192
-170
-152
-82
-84
-86
-106
-150
-147
-176
-153
-59
-46
-5
82
28
10
68
98
92
29
86
144
122
135
107
97
114
140
157
152
175
176
180
197
263
344
324
314
336
318
297
298
324
305
250
274
332
348
318
266
250
262
307
327
303
312
314
274
289
355
363
395
388
318
329
321
304
318
289
286
336
350
276
223
240
247
236
233
245
259
256
254
228
193
190
195
209
199
161
132
104
100
99
90
75
80
100
62
38
-10
-36
36
35
18
25
-2
-7
-25
-64
-70
-62
-106
-131
-73
-117
-224
-194
-186
-250
-261
-232
-228
-254
-228
-241
-257
-236
-298
-324
-336
-355
-319
-341
-364
-355
-361
-362
-366
-364
-354
-362
-382
-383
-414
-437
-396
-427
-496
-475
-437
-408
-383
-436
-501
-471
-458
-490
-460
-405
-400
-440
-441
-460
-522
-541
-520
-473
-471
-481
-464
-481
-462
-422
-438
-443
-418
-465
-519
-477
-438
-447
-417
-404
-427
-386
-377
-423
-410
-367
-390
-425
-388
-370
-362
-351
-353
-329
-315
-321
-334
-350
-325
-277
-278
-259
-228
-241
-274
-331
-319
-259
-236
-235
-251
-233
-193
-188
-209
-217
-174
-155
-145
-96
-78
-77
-79
-82
-67
-25
-4
-57
-85
-32
-3
-43
-22
21
-29
-24
12
-4
-4
-11
4
60
109
134
124
110
110
112
102
84
77
106
141
122
112
149
160
124
140
190
193
188
182
186
143
107
198
241
230
225
173
189
201
180
205
194
184
185
162
157
183
182
85
36
61
93
155
132
119
116
36
32
26
66
122
61
79
110
63
39
89
113
40
45
46
-30
-65
-100
-91
-44
-38
-54
-96
-157
-155
-95
-99
-81
6
25
-12
-164
-300
-263
-281
-348
-356
-352
-330
-264
-202
-192
-193
-216
-260
-380
-497
-508
-545
-534
-502
-577
-600
-588
-672
-723
-705
-709
-614
-411
-395
-486
-417
-402
-513
-563
-569
-611
-575
-414
-362
-430
-535
-640
-659
-625
-570
-483
-390
-423
-573
-753
-867
-835
-711
-529
-407
-382
-492
-646
-688
-722
-699
-664
-568
-356
-230
-223
-417
-704
-873
-931
-873
-712
-517
-365
-351
-444
-441
-456
-510
-478
-559
-598
-420
-300
-349
-402
-392
-337
-347
-503
-627
-630
-520
-356
-215
-61
74
89
-43
-245
-434
-453
-296
-193
-187
-214
-146
-18
-74
-207
-212
-177
-192
-128
-16
-51
-101
-49
-39
-103
-173
-217
-185
-50
56
-33
-175
-94
42
54
69
71
33
-40
-67
16
126
253
222
48
-3
54
182
257
224
188
169
190
159
178
231
274
389
336
193
120
118
206
284
309
257
289
372
335
302
308
284
217
153
134
180
209
116
19
-58
-96
64
333
445
294
128
74
48
100
138
123
157
171
138
152
217
282
272
81
-58
-1
69
154
93
-33
54
104
89
35
-131
-241
-238
-109
50
121
132
118
-1
-194
-293
-281
-150
-49
-65
-58
-57
-83
-125
-215
-299
-343
-330
-264
-184
-188
-278
-325
-292
-249
-278
-340
-272
-159
-189
-255
-267
-301
-342
-300
-220
-196
-224
-281
-350
-409
-408
-390
-436
-514
-579
-612
-620
-497
-385
-446
-421
-393
-451
-413
-431
-498
-471
-478
-509
-504
-531
-520
-483
-517
-528
-549
-545
-431
-377
-409
-492
-552
-534
-566
-596
-557
-497
-435
-387
-372
-394
-448
-526
-543
-484
-485
-526
-477
-395
-410
-478
-516
-513
-426
-409
-480
-435
-370
-307
-283
-372
-449
-462
-370
-279
-226
-162
-210
-294
-304
-313
-349
-381
-417
-384
-313
-287
-219
-129
-106
-147
-157
-146
-116
-78
-145
-169
-126
-154
-184
-155
-146
-191
-198
-172
-188
-180
-69
31
36
-7
-48
-43
-19
43
105
121
96
39
-8
-95
-141
-110
-24
73
54
49
-15
-127
-97
-109
-107
-38
-50
-58
-66
-47
7
-4
6
12
15
101
152
186
168
91
111
93
27
39
-18
-88
-55
-40
-12
6
63
209
252
289
332
257
266
307
181
83
44
-52
-138
-177
-118
-58
-26
79
173
193
146
136
239
338
337
280
206
160
185
106
-10
12
22
51
127
125
86
70
31
38
72
9
36
91
56
56
29
23
23
50
57
-24
-34
-136
-227
-217
-238
-203
-207
-173
-63
6
1
-62
-115
-181
-219
-219
-205
-187
-201
-231
-307
-353
-317
-278
-262
-297
-311
-312
-370
-379
-388
-418
-443
-483
-448
-406
-392
-380
-357
-363
-481
-542
-546
-522
-411
-357
-349
-341
-342
-376
-423
-432
-454
-412
-397
-422
-377
-463
-549
-507
-507
-485
-477
-506
-500
-438
-349
-319
-315
-338
-346
-333
-374
-411
-418
-384
-367
-394
-402
-401
-405
-390
-343
-311
-273
-222
-225
-193
-147
-146
-135
-202
-254
-238
-246
-185
-121
-125
-155
-194
-168
-152
-205
-224
-191
-149
-120
-105
-94
-70
-57
-41
-22
-41
-48
-85
-101
-90
-140
-136
-96
-86
-78
-66
-92
-126
-114
-98
-82
-89
-68
-20
-25
-48
-51
12
26
-65
-130
-148
-167
-156
-129
-152
-174
-137
-52
38
79
37
-31
-82
-119
-127
-159
-152
-105
-118
-97
-40
-57
-65
-32
-64
-112
-148
-187
-196
-228
-236
-200
-205
-149
-70
-57
-22
-29
-95
-153
-184
-164
-215
-224
-122
-147
-125
-45
-93
-117
-88
-57
-91
-107
-82
-176
-199
-160
-174
-174
-149
-70
-90
-183
-207
-193
-163
-186
-171
-82
-71
-81
-79
-95
-46
-46
-83
-87
-148
-107
-108
-178
-71
-65
-116
-57
-58
-74
-54
-43
-84
-146
-136
-77
-42
-57
-96
-130
-129
-87
-68
-72
-45
-65
-110
-114
-140
-122
-138
-180
-87
-33
-37
-52
-113
-125
-140
-159
-175
-249
-273
-233
-198
-166
-185
-225
-206
-155
-152
-198
-194
-165
-141
-130
-183
-189
-229
-250
-154
-172
-212
-237
-254
-205
-220
-251
-255
-267
-303
-283
-230
-260
-249
-196
-171
-182
-198
-179
-166
-169
-156
-122
-134
-122
-122
-198
-217
-228
-227
-186
-191
-182
-173
-223
-200
-119
-84
-67
-77
-116
-149
-116
-80
-72
-55
-98
-88
-60
-88
-68
-35
27
32
6
33
25
95
116
40
56
35
-21
-38
3
61
6
-40
-22
15
53
50
74
76
86
128
102
98
74
30
51
48
48
43
-6
-30
-29
-3
25
19
17
34
91
125
100
59
24
10
-17
16
34
-27
-44
-79
-24
37
-94
-129
-92
-124
-142
-158
-157
-151
-164
-205
-218
-182
-193
-196
-161
-210
-301
-356
-318
-250
-276
-264
-226
-233
-225
-256
-297
-349
-367
-365
-459
-447
-322
-321
-348
-320
-354
-379
-344
-385
-396
-383
-412
-362
-399
-498
-486
-486
-469
-483
-574
-556
-495
-477
-450
-442
-422
-384
-382
-410
-435
-436
-425
-436
-458
-491
-479
-460
-485
-457
-476
-487
-461
-494
-475
-454
-430
-416
-437
-432
-443
-420
-401
-431
-452
-481
-504
-479
-437
-401
-357
-376
-417
-395
-412
-406
-356
-388
-382
-359
-392
-417
-439
-414
-387
-388
-385
-370
-324
-295
-310
-342
-359
-351
-329
-330
-327
-319
-313
-233
-188
-195
-180
-206
-222
-244
-262
-256
-276
-246
-203
-155
-119
-144
-152
-143
-145
-163
-191
-167
-113
-113
-69
-11
-30
-25
-32
-57
-41
-63
-110
-93
-63
-32
14
32
51
49
17
56
130
102
107
134
75
83
69
27
17
-30
7
45
22
16
35
129
184
161
121
76
102
119
87
87
78
101
128
112
138
136
145
174
129
102
77
68
105
128
128
98
77
66
75
86
68
52
47
55
58
13
-30
-8
18
58
111
68
44
70
64
76
12
-85
-94
-96
-43
5
-53
-45
-22
-62
-32
-68
-159
-125
-128
-107
-45
-125
-132
-100
-109
-81
-117
-169
-200
-174
-198
-244
-219
-239
-162
-113
-114
-115
-210
-147
-108
-214
-226
-250
-261
-219
-266
-301
-270
-237
-228
-269
-341
-376
-306
-314
-362
-313
-292
-256
-255
-265
-257
-287
-275
-283
-313
-297
-253
-272
-272
-245
-285
-273
-311
-331
-266
-277
-252
-256
-313
-339
-356
-330
-324
-327
-287
-260
-231
-192
-186
-197
-227
-268
-246
-190
-164
-163
-163
-164
-174
-178
-182
-194
-187
-195
-208
-158
-173
-229
-210
-221
-180
-137
-165
-157
-138
-120
-130
-76
-47
-116
-155
-267
-259
-186
-237
-212
-186
-178
-144
-114
-59
-15
19
-12
-89
-119
-152
-205
-197
-166
-153
-104
-90
-89
-52
-13
46
30
-24
-44
-79
-71
-44
-49
-58
-47
-42
-76
-93
-103
-87
-38
-20
5
-18
-60
-65
-51
-1
-11
-28
-39
-48
-23
-54
-75
-70
-67
-55
-38
-49
-85
-106
-120
-91
-63
-55
-67
-74
-76
-80
-65
-132
-151
-107
-108
-91
-117
-161
-190
-206
-199
-180
-166
-216
-238
-219
-175
-120
-175
-223
-189
-177
-177
-208
-263
-260
-287
-299
-245
-309
-338
-279
-310
-292
-220
-242
-316
-348
-360
-368
-341
-366
-410
-410
-420
-402
-382
-394
-389
-388
-361
-340
-391
-404
-426
-495
-529
-564
-534
-459
-498
-527
-483
-446
-408
-413
-458
-515
-519
-476
-481
-441
-441
-533
-498
-459
-493
-471
-497
-505
-435
-446
-449
-447
-481
-448
-407
-357
-341
-380
-387
-381
-361
-393
-431
-413
-396
-353
-335
-342
-334
-310
-284
-281
-258
-249
-269
-292
-324
-317
-284
-230
-212
-197
-98
-125
-125
-44
-100
-86
-74
-94
-103
-148
-103
-87
-57
-26
-35
41
58
53
55
44
81
56
37
7
-1
109
130
119
151
120
122
155
139
92
99
134
112
126
143
135
153
135
168
215
229
259
235
235
235
248
286
253
251
190
151
183
167
222
206
193
231
176
161
164
180
164
187
216
150
212
209
153
197
182
199
235
232
220
190
177
170
136
108
94
75
82
96
90
103
136
152
147
135
121
84
47
86
117
74
75
66
-5
-11
20
7
-32
-43
-44
-49
-54
-42
-12
5
36
-5
-60
-67
-95
-103
-117
-94
-64
-77
-64
-76
-121
-150
-154
-164
-164
-167
-199
-197
-207
-235
-214
-232
-253
-258
-262
-233
-263
-292
-309
-355
-330
-303
-324
-306
-302
-358
-354
-338
-366
-355
-348
-335
-331
-345
-307
-307
-351
-366
-399
-429
-409
-376
-351
-347
-361
-407
-407
-360
-397
-404
-378
-374
-370
-380
-350
-344
-335
-331
-348
-334
-366
-383
-373
-384
-397
-364
-322
-333
-331
-364
-377
-304
-247
-231
-280
-287
-227
-245
-295
-309
-249
-194
-243
-290
-292
-260
-266
-294
-270
-256
-236
-214
-197
-229
-281
-248
-249
-238
-215
-235
-212
-228
-207
-205
-254
-217
-221
-225
-204
-188
-170
-185
-157
-181
-183
-147
-187
-190
-191
-207
-228
-208
-181
-206
-152
-140
-159
-138
-173
-177
-158
-178
-165
-155
-197
-194
-173
-170
-158
-151
-94
-73
-108
-113
-87
-49
-49
-95
-128
-116
-127
-136
-98
-97
-78
-42
-82
-80
-90
-151
-132
-140
-123
-71
-110
-76
-51
-96
-64
-76
-88
-51
-74
-79
-98
-147
-130
-112
-115
-110
-98
-121
-156
-91
-61
-91
-41
-60
-96
-81
-99
-81
-93
-100
-62
-89
-81
-68
-82
-52
-75
-108
-113
-108
-66
-77
-77
-35
-69
-106
-102
-112
-139
-177
-183
-133
-84
-112
-142
-111
-113
-122
-105
-107
-155
-195
-173
-184
-195
-190
-203
-184
-172
-183
-195
-195
-188
-197
-226
-216
-244
-291
-237
-236
-246
-257
-323
-303
-286
-318
-326
-340
-352
-346
-349
-342
-330
-333
-331
-355
-343
-316
-353
-334
-351
-415
-378
-362
-340
-311
-328
-300
-275
-285
-301
-331
-367
-348
-320
-328
-318
-317
-297
-291
-289
-264
-283
-286
-262
-251
-240
-224
-209
-199
-198
-213
-215
-210
-204
-214
-230
-192
-153
-158
-153
-137
-136
-92
-102
-151
-99
-128
-145
-93
-124
-99
-54
-43
-15
7
-18
-48
-42
-74
-36
-3
2
32
-5
22
33
61
98
15
-19
-31
3
31
-7
36
42
10
63
93
104
136
110
105
122
105
94
76
98
88
91
177
158
141
161
105
86
117
110
83
120
158
164
186
156
112
132
156
174
145
122
153
115
79
110
155
125
81
166
173
150
179
138
150
90
75
182
110
52
64
42
60
33
34
59
46
64
42
37
22
-30
18
5
-55
-52
-71
-65
-42
-30
-64
-94
-99
-135
-110
-125
-183
-180
-217
-224
-217
-254
-264
-285
-287
-256
-243
-260
-288
-323
-354
-323
-319
-370
-375
-370
-396
-374
-375
-438
-412
-398
-432
-402
-411
-422
-426
-487
-495
-495
-517
-522
-543
-533
-514
-501
-495
-517
-495
-460
-483
-488
-481
-506
-515
-515
-512
-519
-518
-505
-509
-502
-511
-501
-499
-515
-475
-483
-478
-434
-471
-498
-476
-480
-505
-496
-494
-481
-432
-445
-479
-465
-454
-456
-454
-464
-450
-434
-428
-387
-355
-359
-396
-364
-373
-436
-400
-435
-432
-404
-411
-354
-358
-334
-319
-290
-274
-315
-285
-327
-337
-323
-338
-285
-303
-299
-251
-247
-213
-196
-227
-227
-196
-214
-205
-179
-195
-181
-196
-153
-108
-158
-157
-153
-117
-94
-139
-123
-100
-97
-64
-52
-87
-68
-27
-23
-18
-9
23
25
26
16
-9
7
2
22
57
43
62
99
91
92
97
80
96
126
120
103
134
141
108
138
146
144
193
168
158
176
132
132
129
110
150
177
177
169
163
195
200
172
168
151
139
168
173
145
151
146
149
182
180
205
191
164
173
134
156
148
107
121
81
70
105
148
158
117
120
140
131
116
114
116
99
48
17
36
30
14
25
48
38
24
50
56
50
18
-36
-33
-16
-21
-49
-54
-34
-87
-145
-138
-143
-128
-96
-136
-128
-86
-122
-137
-142
-154
-123
-133
-190
-157
-130
-188
-225
-227
-194
-265
-302
-229
-239
-217
-250
-289
-244
-289
-267
-231
-282
-312
-356
-359
-339
-299
-273
-361
-383
-362
-385
-334
-332
-357
-318
-305
-320
-349
-334
-340
-360
-333
-381
-391
-354
-369
-362
-374
-388
-399
-386
-354
-388
-368
-331
-379
-395
-382
-382
-353
-368
-363
-300
-351
-373
-345
-377
-371
-354
-356
-353
-347
-368
-379
-361
-349
-322
-331
-344
-368
-385
-356
-359
-335
-337
-353
-307
-277
-237
-238
-282
-282
-300
-331
-308
-289
-314
-340
-330
-276
-259
-260
-214
-205
-214
-202
-232
-251
-226
-232
-214
-140
-131
-146
-119
-140
-135
-101
-141
-153
-154
-203
-200
-172
-188
-176
-159
-152
-122
-105
-72
-82
-109
-109
-145
-118
-125
-180
-110
-98
-107
-59
-103
-101
-66
-104
-113
-79
-73
-83
-81
-93
-90
-76
-95
-118
-104
-87
-104
-106
-73
-65
-75
-75
-113
-120
-85
-102
-134
-122
-100
-86
-37
-28
-31
-36
-74
-72
-41
-2
-65
-120
-62
-29
-7
-27
-36
-1
-9
-20
2
-10
-42
-10
-48
-73
-29
-66
-12
11
-39
23
35
24
38
19
15
-17
-36
-15
-32
-36
-23
11
52
51
89
103
63
74
48
-3
22
30
31
28
13
38
33
55
61
29
53
48
50
70
67
42
13
38
52
25
-2
2
17
22
34
7
1
18
10
34
-1
-27
2
2
11
-21
-11
2
-38
1
6
13
20
-28
-9
-49
-57
-24
-91
-68
-33
-47
-50
-83
-120
-147
-97
-55
-72
-82
-95
-66
-63
-98
-106
-118
-96
-102
-152
-128
-133
-154
-125
-119
-104
-119
-137
-115
-136
-193
-219
-196
-192
-215
-225
-213
-193
-187
-163
-166
-185
-164
-188
-213
-218
-216
-223
-288
-299
-270
-267
-241
-207
-208
-204
-212
-262
-267
-251
-266
-292
-306
-325
-311
-293
-335
-301
-296
-349
-316
-328
-374
-359
-336
-333
-322
-325
-336
-304
-292
-298
-316
-342
-332
-356
-373
-379
-393
-344
-324
-337
-338
-347
-330
-372
-411
-367
-371
-370
-354
-358
-323
-306
-285
-271
-320
-329
-310
-347
-371
-366
-386
-382
-380
-403
-354
-322
-319
-284
-303
-281
-222
-224
-223
-233
-268
-332
-362
-309
-282
-287
-248
-197
-212
-212
-197
-215
-177
-198
-254
-226
-226
-200
-153
-158
-150
-124
-114
-141
-129
-103
-100
-73
-86
-98
-98
-125
-107
-88
-88
-55
-51
-75
-64
-40
-21
-32
-39
-23
-73
-76
-30
-60
-19
36
50
108
64
-15
-8
8
3
-16
-12
-9
0
27
32
53
82
90
37
4
50
35
12
35
12
-5
14
12
20
60
55
56
84
56
44
17
-30
-7
-22
-63
-43
-49
-65
-48
-72
-43
-12
-75
-88
-84
-103
-115
-88
-61
-77
-105
-120
-102
-128
-142
-178
-207
-161
-195
-201
-185
-202
-193
-190
-178
-222
-222
-165
-172
-216
-270
-286
-297
-266
-282
-332
-276
-270
-269
-255
-287
-276
-259
-268
-272
-292
-335
-333
-367
-387
-331
-346
-302
-256
-281
-238
-253
-265
-244
-263
-240
-254
-290
-307
-313
-307
-323
-328
-344
-334
-326
-338
-321
-338
-311
-250
-268
-281
-261
-271
-261
-238
-256
-277
-279
-256
-241
-264
-287
-268
-252
-303
-289
-247
-283
-273
-281
-320
-300
-292
-255
-208
-217
-239
-263
-252
-249
-285
-278
-292
-320
-264
-269
-301
-232
-222
-238
-219
-214
-195
-219
-242
-255
-285
-277
-275
-250
-237
-244
-202
-208
-186
-152
-217
-221
-213
-203
-155
-173
-163
-145
-147
-139
-127
-118
-148
-168
-199
-185
-142
-139
-130
-143
-116
-96
-93
-49
-51
-55
-61
-102
-128
-111
-101
-125
-121
-93
-54
-59
-63
-23
-13
-27
-34
-8
-5
-12
15
23
31
29
12
46
61
14
7
-26
-36
16
-23
-32
-20
-11
49
13
9
31
1
55
91
75
64
17
2
18
4
4
0
12
33
12
6
-4
32
64
24
57
71
42
28
7
42
30
-14
8
-5
-42
-55
-56
-46
-38
-42
-31
-3
-16
-8
10
-24
-49
-68
-77
-95
-91
-61
-73
-30
-52
-118
-91
-122
-142
-160
-206
-173
-164
-170
-140
-141
-151
-141
-163
-186
-161
-173
-220
-228
-258
-265
-232
-285
-296
-261
-297
-284
-252
-252
-264
-271
-247
-300
-348
-332
-340
-333
-325
-322
-337
-377
-377
-381
-401
-379
-392
-426
-414
-460
-456
-376
-414
-438
-432
-489
-476
-449
-458
-472
-468
-428
-454
-469
-449
-483
-478
-477
-519
-506
-496
-519
-533
-539
-517
-501
-492
-480
-507
-528
-492
-454
-466
-503
-508
-503
-503
-487
-506
-504
-450
-457
-484
-450
-431
-456
-449
-432
-405
-401
-396
-354
-367
-380
-399
-404
-343
-340
-358
-318
-320
-338
-311
-297
-280
-271
-266
-228
-225
-241
-223
-174
-116
-97
-113
-60
2
-25
-68
-44
8
-26
-12
37
14
50
65
68
98
100
142
145
134
157
185
236
238
206
207
243
256
260
287
274
273
293
309
327
313
268
277
359
384
368
326
291
359
359
329
356
327
311
321
338
346
318
331
312
307
376
354
313
286
290
298
256
293
284
275
316
